112600
190100
259000
474500
367600
805000
1440600
608600
646400
810800
826000
991700
988000
1354000
3812700
1517500
2848100
1944900
1658300
2985000
1946100
1913600
2354700
15995800
2106100
2814600
1930700
2429100
2030200
4213600
3495600
2133700
3324500
2363400
3178700
3033400
2513800
2651600
3050500
4431800
3129900
2924700
3585000
3288500
3072700
4167100
3524400
4139800
3608700
3587300
4382800
4256800
3759900
3999400
4103400
6363300
4589800
5032900
5048000
6057800
5798600
8541000
6801000
6384600
7571700
6117800
5604400
6655200
4976100
5707300
8378200
7194000
6671500
9750500
7039800
8648300
6043500
7268800
9136600
16384100
15691800
12809200
8008900
6951400
11335600
8223100
7069600
8028300
9317400
7391900
6610900
11577200
12079900
8653300
9384300
12489300
7710600
7530000
10412500
8519100
13263700
8744000
8333300
10330800
8426500
9217600
12188900
9178000
9954700
9246100
9923300
10185800
9847500
9202600
10214600
13730300
11716700
10012900
9880100
9856000
10767400
9912700
10569800
11112800
10417400
15498700
15443100
10482300
10631600
10352000
11548600
12817700
15324700
10356600
14389600
10924500
11843800
13457200
11899300
11642800
14294000
16179900
22163400
15391400
16155300
12590800
12149200
13468100
12126500
11915300
13712100
19384700
37059700
38055800
47437000
34097400
39374600
46719000
47069400
38940800
38914400
41327800
46239200
44072300
45485900
48180100
39558500
32642100
37652300
34080800
45900100
35196200
32190800
32750600
35063900
34904900
29175800
30871800
36894300
31060500
30853400
35388400
32606700
35217600
37761100
34176000
36059200
37513400
37426700
66107900
38952800
32765000
30898200
28233800
31850000
29893300
35616600
30067500
